 1                          1234341221434321
 2                          4231314224131324
 3                          3412123421434321
 4                          1234341243212143
 5                          3412123443212143
 6                          2134431212433421
 7                          1243342121344312
 8                          2143432112343412
 9                          4321214334121234
 10                         1324241331424231
 11                         3142423124131324
 12                         4231314213242413
 13                         3142423113242413
 14                         2431134242133124
 15                         4213312424311342
 16                         2413132442313142
 17                         1342243142133124
 18                         3124421324311342
 19                         1324241342313142
 20                         2413132431424231
 21                         4312213434211243
 22                         3421124343122134
 23                         2431134231244213
 24                         4213312413422431
 25                         1342243131244213
 26                         3124421313422431
 27                         4321214312343412
 28                         2143432134121234
 29                         4312213412433421
 30                         3421124321344312
 31                         2134431234211243
 32                         1243342143122134
 33                         1243431221343421
 34                         3241413223141423
 35                         4312124321343421
 36                         1243431234212134
 37                         4312124334212134
 38                         2143341212344321
 39                         1234432121433412
 40                         2134342112434312
 41                         3421213443121243
 42                         1423231441323241
 43                         4132324123141423
 44                         3241413214232314
 45                         4132324114232314
 46                         2341143232144123
 47                         3214412323411432
 48                         2314142332414132
 49                         1432234132144123
 50                         4123321423411432
 51                         1423231432414132
 52                         2314142341323241
 53                         3412214343211234
 54                         4321123434122143
 55                         2341143241233214
 56                         3214412314322341
 57                         1432234141233214
 58                         4123321414322341
 59                         3421213412434312
 60                         2134342143121243
 61                         3412214312344321
 62                         4321123421433412
 63                         2143341243211234
 64                         1234432134122143
 65                         1342421331242431
 66                         2341412332141432
 67                         4213134231242431
 68                         1342421324313124
 69                         4213134224313124
 70                         3142241313244231
 71                         1324423131422413
 72                         3124243113424213
 73                         2431312442131342
 74                         1432321441232341
 75                         4123234132141432
 76                         2341412314323214
 77                         4123234114323214
 78                         3241142323144132
 79                         2314413232411423
 80                         3214143223414123
 81                         1423324123144132
 82                         4132231432411423
 83                         1432321423414123
 84                         3214143241232341
 85                         2413314242311324
 86                         4231132424133142
 87                         3241142341322314
 88                         2314413214233241
 89                         1423324141322314
 90                         4132231414233241
 91                         2431312413424213
 92                         3124243142131342
 93                         2413314213244231
 94                         4231132431422413
 95                         3142241342311324
 96                         1324423124133142
