0000041020030000
0000300201400000
0004300001000020
0004300020000001
0030040001000020
0030040020000001
0200001000034000
0200001000400300
0230000000004001
1000000200034000
1000000200400300
1004000000000320
0000001200004003
0000001200004100
0000001200014000
0000001200400100
0000001203000020
0000001203400000
0000001220000003
0000001223000000
0000041000000023
0000041000004003
0000041000400003
0000041003000020
0000041020000003
0000041020000100
0000041020010000
0000041023000000
0000300200000120
0000300200004100
0000300200014000
0000300200400003
0000300200400100
0000300200410000
0000300203400000
0000300220000100
0000340000000023
0000340000000120
0000340000014000
0000340000400100
0000340000410000
0000340003000020
0000340020000003
0000340020010000
0004001000000120
0004001000004003
0004001003000020
0004001020000003
0004300000000023
0004300000000120
0004300000004100
0004300000010020
0004300000014000
0004300000400100
0004300000410000
0004300003000020
0004300020000003
0004300020000100
0004300020010000
0004300023000000
0030000200014000
0030000200400100
0030000203400000
0030000220010000
0030040000000023
0030040000000120
0030040000004100
0030040000010020
0030040000014000
0030040000400100
0030040000410000
0030040003000020
0030040020000003
0030040020000100
0030040020010000
0030040023000000
0034000000000120
0034000000004100
0034000000014000
0034000000400100
0034000003000020
0034000020000003
0034000020010000
0034000023000000
0200001000000023
0200001000004003
0200001000004100
0200001000014000
0200001000400003
0200001000400100
0200001000410000
0200001003000020
0200001003004000
0200001003400000
0200001020000003
0200001023000000
0200300000000120
0200300000004003
0200300000014000
0200300000400100
0230000000004003
0230000000004100
0230000000010020
0230000000014000
0230000000400100
0230000000410000
0230000003004000
0230000020010000
1000000200000023
1000000200004003
1000000200004100
1000000200014000
1000000200400003
1000000200400100
1000000200410000
1000000203000020
1000000203004000
1000000203400000
1000000220000003
1000000223000000
1000040003000020
1000040003400000
1000040020000003
1000040020010000
1004000000000023
1004000000000120
1004000000010020
1004000003000020
1004000003004000
1004000003400000
1004000020000003
1004000023000000
1200000000000023
1200000000004003
1200000000014000
1200000000400100
1200000000410000
1200000003000020
1200000003400000
1200000020000003
