0000041020030000
0000041020030000
0000031020040000
0000041030020000
0000021030040000
0000031040020000
0000021040030000
0000042010030000
0000032010040000
0000042030010000
0000012030040000
0000032040010000
0000012040030000
0000043010020000
0000023010040000
0000043020010000
0000013020040000
0000023040010000
0000013040020000
0000034010020000
0000024010030000
0000034020010000
0000014020030000
0000024030010000
0000014030020000
0000300201400000
0000300201400000
0000400201300000
0000200301400000
0000400301200000
0000200401300000
0000300401200000
0000300102400000
0000400102300000
0000100302400000
0000400302100000
0000100402300000
0000300402100000
0000200103400000
0000400103200000
0000100203400000
0000400203100000
0000100403200000
0000200403100000
0000200104300000
0000300104200000
0000100204300000
0000300204100000
0000100304200000
0000200304100000
0004300001000020
0004300001000020
0003400001000020
0004200001000030
0002400001000030
0003200001000040
0002300001000040
0004300002000010
0003400002000010
0004100002000030
0001400002000030
0003100002000040
0001300002000040
0004200003000010
0002400003000010
0004100003000020
0001400003000020
0002100003000040
0001200003000040
0003200004000010
0002300004000010
0003100004000020
0001300004000020
0002100004000030
0001200004000030
0004300020000001
0004300020000001
0003400020000001
0004200030000001
0002400030000001
0003200040000001
0002300040000001
0004300010000002
0003400010000002
0004100030000002
0001400030000002
0003100040000002
0001300040000002
0004200010000003
0002400010000003
0004100020000003
0001400020000003
0002100040000003
0001200040000003
0003200010000004
0002300010000004
0003100020000004
0001300020000004
0002100030000004
0001200030000004
0030040001000020
0030040001000020
0040030001000020
0020040001000030
0040020001000030
0020030001000040
0030020001000040
0030040002000010
0040030002000010
0010040002000030
0040010002000030
0010030002000040
0030010002000040
0020040003000010
0040020003000010
0010040003000020
0040010003000020
0010020003000040
0020010003000040
0020030004000010
0030020004000010
0010030004000020
0030010004000020
0010020004000030
0020010004000030
0030040020000001
0030040020000001
0040030020000001
0020040030000001
0040020030000001
0020030040000001
0030020040000001
0030040010000002
0040030010000002
0010040030000002
0040010030000002
0010030040000002
0030010040000002
0020040010000003
0040020010000003
0010040020000003
0040010020000003
0010020040000003
0020010040000003
0020030010000004
0030020010000004
0010030020000004
0030010020000004
0010020030000004
0020010030000004
0200001000034000
0200001000034000
0200001000043000
0300001000024000
0300001000042000
0400001000023000
0400001000032000
0100002000034000
0100002000043000
0300002000014000
0300002000041000
0400002000013000
0400002000031000
0100003000024000
0100003000042000
0200003000014000
0200003000041000
0400003000012000
0400003000021000
0100004000023000
0100004000032000
0200004000013000
0200004000031000
0300004000012000
0300004000021000
0200001000400300
0200001000400300
0200001000300400
0300001000400200
0300001000200400
0400001000300200
0400001000200300
0100002000400300
0100002000300400
0300002000400100
0300002000100400
0400002000300100
0400002000100300
0100003000400200
0100003000200400
0200003000400100
0200003000100400
0400003000200100
0400003000100200
0100004000300200
0100004000200300
0200004000300100
0200004000100300
0300004000200100
0300004000100200
0230000000004001
0230000000004001
0240000000003001
0320000000004001
0340000000002001
0420000000003001
0430000000002001
0130000000004002
0140000000003002
0310000000004002
0340000000001002
0410000000003002
0430000000001002
0120000000004003
0140000000002003
0210000000004003
0240000000001003
0410000000002003
0420000000001003
0120000000003004
0130000000002004
0210000000003004
0230000000001004
0310000000002004
0320000000001004
1000000200034000
1000000200034000
1000000200043000
1000000300024000
1000000300042000
1000000400023000
1000000400032000
2000000100034000
2000000100043000
2000000300014000
2000000300041000
2000000400013000
2000000400031000
3000000100024000
3000000100042000
3000000200014000
3000000200041000
3000000400012000
3000000400021000
4000000100023000
4000000100032000
4000000200013000
4000000200031000
4000000300012000
4000000300021000
1000000200400300
1000000200400300
1000000200300400
1000000300400200
1000000300200400
1000000400300200
1000000400200300
2000000100400300
2000000100300400
2000000300400100
2000000300100400
2000000400300100
2000000400100300
3000000100400200
3000000100200400
3000000200400100
3000000200100400
3000000400200100
3000000400100200
4000000100300200
4000000100200300
4000000200300100
4000000200100300
4000000300200100
4000000300100200
1004000000000320
1004000000000320
1003000000000420
1004000000000230
1002000000000430
1003000000000240
1002000000000340
2004000000000310
2003000000000410
2004000000000130
2001000000000430
2003000000000140
2001000000000340
3004000000000210
3002000000000410
3004000000000120
3001000000000420
3002000000000140
3001000000000240
4003000000000210
4002000000000310
4003000000000120
4001000000000320
4002000000000130
4001000000000230
0000001200004003
0000001200004003
0000001200003004
0000001300004002
0000001300002004
0000001400003002
0000001400002003
0000002100004003
0000002100003004
0000002300004001
0000002300001004
0000002400003001
0000002400001003
0000003100004002
0000003100002004
0000003200004001
0000003200001004
0000003400002001
0000003400001002
0000004100003002
0000004100002003
0000004200003001
0000004200001003
0000004300002001
0000004300001002
0000001200004100
0000001200004100
0000001200003100
0000001300004100
0000001300002100
0000001400003100
0000001400002100
0000002100004200
0000002100003200
0000002300004200
0000002300001200
0000002400003200
0000002400001200
0000003100004300
0000003100002300
0000003200004300
0000003200001300
0000003400002300
0000003400001300
0000004100003400
0000004100002400
0000004200003400
0000004200001400
0000004300002400
0000004300001400
0000001200014000
0000001200014000
0000001200013000
0000001300014000
0000001300012000
0000001400013000
0000001400012000
0000002100024000
0000002100023000
0000002300024000
0000002300021000
0000002400023000
0000002400021000
0000003100034000
0000003100032000
0000003200034000
0000003200031000
0000003400032000
0000003400031000
0000004100043000
0000004100042000
0000004200043000
0000004200041000
0000004300042000
0000004300041000
0000001200400100
0000001200400100
0000001200300100
0000001300400100
0000001300200100
0000001400300100
0000001400200100
0000002100400200
0000002100300200
0000002300400200
0000002300100200
0000002400300200
0000002400100200
0000003100400300
0000003100200300
0000003200400300
0000003200100300
0000003400200300
0000003400100300
0000004100300400
0000004100200400
0000004200300400
0000004200100400
0000004300200400
0000004300100400
0000001203000020
0000001203000020
0000001204000020
0000001302000030
0000001304000030
0000001402000040
0000001403000040
0000002103000010
0000002104000010
0000002301000030
0000002304000030
0000002401000040
0000002403000040
0000003102000010
0000003104000010
0000003201000020
0000003204000020
0000003401000040
0000003402000040
0000004102000010
0000004103000010
0000004201000020
0000004203000020
0000004301000030
0000004302000030
0000001203400000
0000001203400000
0000001204300000
0000001302400000
0000001304200000
0000001402300000
0000001403200000
0000002103400000
0000002104300000
0000002301400000
0000002304100000
0000002401300000
0000002403100000
0000003102400000
0000003104200000
0000003201400000
0000003204100000
0000003401200000
0000003402100000
0000004102300000
0000004103200000
0000004201300000
0000004203100000
0000004301200000
0000004302100000
0000001220000003
0000001220000003
0000001220000004
0000001330000002
0000001330000004
0000001440000002
0000001440000003
0000002110000003
0000002110000004
0000002330000001
0000002330000004
0000002440000001
0000002440000003
0000003110000002
0000003110000004
0000003220000001
0000003220000004
0000003440000001
0000003440000002
0000004110000002
0000004110000003
0000004220000001
0000004220000003
0000004330000001
0000004330000002
0000001223000000
0000001223000000
0000001224000000
0000001332000000
0000001334000000
0000001442000000
0000001443000000
0000002113000000
0000002114000000
0000002331000000
0000002334000000
0000002441000000
0000002443000000
0000003112000000
0000003114000000
0000003221000000
0000003224000000
0000003441000000
0000003442000000
0000004112000000
0000004113000000
0000004221000000
0000004223000000
0000004331000000
0000004332000000
0000041000000023
0000041000000023
0000031000000024
0000041000000032
0000021000000034
0000031000000042
0000021000000043
0000042000000013
0000032000000014
0000042000000031
0000012000000034
0000032000000041
0000012000000043
0000043000000012
0000023000000014
0000043000000021
0000013000000024
0000023000000041
0000013000000042
0000034000000012
0000024000000013
0000034000000021
0000014000000023
0000024000000031
0000014000000032
0000041000004003
0000041000004003
0000031000003004
0000041000004002
0000021000002004
0000031000003002
0000021000002003
0000042000004003
0000032000003004
0000042000004001
0000012000001004
0000032000003001
0000012000001003
0000043000004002
0000023000002004
0000043000004001
0000013000001004
0000023000002001
0000013000001002
0000034000003002
0000024000002003
0000034000003001
0000014000001003
0000024000002001
0000014000001002
0000041000400003
0000041000400003
0000031000300004
0000041000400002
0000021000200004
0000031000300002
0000021000200003
0000042000400003
0000032000300004
0000042000400001
0000012000100004
0000032000300001
0000012000100003
0000043000400002
0000023000200004
0000043000400001
0000013000100004
0000023000200001
0000013000100002
0000034000300002
0000024000200003
0000034000300001
0000014000100003
0000024000200001
0000014000100002
0000041003000020
0000041003000020
0000031004000020
0000041002000030
0000021004000030
0000031002000040
0000021003000040
0000042003000010
0000032004000010
0000042001000030
0000012004000030
0000032001000040
0000012003000040
0000043002000010
0000023004000010
0000043001000020
0000013004000020
0000023001000040
0000013002000040
0000034002000010
0000024003000010
0000034001000020
0000014003000020
0000024001000030
0000014002000030
0000041020000003
0000041020000003
0000031020000004
0000041030000002
0000021030000004
0000031040000002
0000021040000003
0000042010000003
0000032010000004
0000042030000001
0000012030000004
0000032040000001
0000012040000003
0000043010000002
0000023010000004
0000043020000001
0000013020000004
0000023040000001
0000013040000002
0000034010000002
0000024010000003
0000034020000001
0000014020000003
0000024030000001
0000014030000002
0000041020000100
0000041020000100
0000031020000100
0000041030000100
0000021030000100
0000031040000100
0000021040000100
0000042010000200
0000032010000200
0000042030000200
0000012030000200
0000032040000200
0000012040000200
0000043010000300
0000023010000300
0000043020000300
0000013020000300
0000023040000300
0000013040000300
0000034010000400
0000024010000400
0000034020000400
0000014020000400
0000024030000400
0000014030000400
0000041020010000
0000041020010000
0000031020010000
0000041030010000
0000021030010000
0000031040010000
0000021040010000
0000042010020000
0000032010020000
0000042030020000
0000012030020000
0000032040020000
0000012040020000
0000043010030000
0000023010030000
0000043020030000
0000013020030000
0000023040030000
0000013040030000
0000034010040000
0000024010040000
0000034020040000
0000014020040000
0000024030040000
0000014030040000
0000041023000000
0000041023000000
0000031024000000
0000041032000000
0000021034000000
0000031042000000
0000021043000000
0000042013000000
0000032014000000
0000042031000000
0000012034000000
0000032041000000
0000012043000000
0000043012000000
0000023014000000
0000043021000000
0000013024000000
0000023041000000
0000013042000000
0000034012000000
0000024013000000
0000034021000000
0000014023000000
0000024031000000
0000014032000000
0000300200000120
0000300200000120
0000400200000120
0000200300000130
0000400300000130
0000200400000140
0000300400000140
0000300100000210
0000400100000210
0000100300000230
0000400300000230
0000100400000240
0000300400000240
0000200100000310
0000400100000310
0000100200000320
0000400200000320
0000100400000340
0000200400000340
0000200100000410
0000300100000410
0000100200000420
0000300200000420
0000100300000430
0000200300000430
0000300200004100
0000300200004100
0000400200003100
0000200300004100
0000400300002100
0000200400003100
0000300400002100
0000300100004200
0000400100003200
0000100300004200
0000400300001200
0000100400003200
0000300400001200
0000200100004300
0000400100002300
0000100200004300
0000400200001300
0000100400002300
0000200400001300
0000200100003400
0000300100002400
0000100200003400
0000300200001400
0000100300002400
0000200300001400
0000300200014000
0000300200014000
0000400200013000
0000200300014000
0000400300012000
0000200400013000
0000300400012000
0000300100024000
0000400100023000
0000100300024000
0000400300021000
0000100400023000
0000300400021000
0000200100034000
0000400100032000
0000100200034000
0000400200031000
0000100400032000
0000200400031000
0000200100043000
0000300100042000
0000100200043000
0000300200041000
0000100300042000
0000200300041000
0000300200400003
0000300200400003
0000400200300004
0000200300400002
0000400300200004
0000200400300002
0000300400200003
0000300100400003
0000400100300004
0000100300400001
0000400300100004
0000100400300001
0000300400100003
0000200100400002
0000400100200004
0000100200400001
0000400200100004
0000100400200001
0000200400100002
0000200100300002
0000300100200003
0000100200300001
0000300200100003
0000100300200001
0000200300100002
0000300200400100
0000300200400100
0000400200300100
0000200300400100
0000400300200100
0000200400300100
0000300400200100
0000300100400200
0000400100300200
0000100300400200
0000400300100200
0000100400300200
0000300400100200
0000200100400300
0000400100200300
0000100200400300
0000400200100300
0000100400200300
0000200400100300
0000200100300400
0000300100200400
0000100200300400
0000300200100400
0000100300200400
0000200300100400
0000300200410000
0000300200410000
0000400200310000
0000200300410000
0000400300210000
0000200400310000
0000300400210000
0000300100420000
0000400100320000
0000100300420000
0000400300120000
0000100400320000
0000300400120000
0000200100430000
0000400100230000
0000100200430000
0000400200130000
0000100400230000
0000200400130000
0000200100340000
0000300100240000
0000100200340000
0000300200140000
0000100300240000
0000200300140000
0000300203400000
0000300203400000
0000400204300000
0000200302400000
0000400304200000
0000200402300000
0000300403200000
0000300103400000
0000400104300000
0000100301400000
0000400304100000
0000100401300000
0000300403100000
0000200102400000
0000400104200000
0000100201400000
0000400204100000
0000100401200000
0000200402100000
0000200102300000
0000300103200000
0000100201300000
0000300203100000
0000100301200000
0000200302100000
0000300220000100
0000300220000100
0000400220000100
0000200330000100
0000400330000100
0000200440000100
0000300440000100
0000300110000200
0000400110000200
0000100330000200
0000400330000200
0000100440000200
0000300440000200
0000200110000300
0000400110000300
0000100220000300
0000400220000300
0000100440000300
0000200440000300
0000200110000400
0000300110000400
0000100220000400
0000300220000400
0000100330000400
0000200330000400
0000340000000023
0000340000000023
0000430000000024
0000240000000032
0000420000000034
0000230000000042
0000320000000043
0000340000000013
0000430000000014
0000140000000031
0000410000000034
0000130000000041
0000310000000043
0000240000000012
0000420000000014
0000140000000021
0000410000000024
0000120000000041
0000210000000042
0000230000000012
0000320000000013
0000130000000021
0000310000000023
0000120000000031
0000210000000032
0000340000000120
0000340000000120
0000430000000120
0000240000000130
0000420000000130
0000230000000140
0000320000000140
0000340000000210
0000430000000210
0000140000000230
0000410000000230
0000130000000240
0000310000000240
0000240000000310
0000420000000310
0000140000000320
0000410000000320
0000120000000340
0000210000000340
0000230000000410
0000320000000410
0000130000000420
0000310000000420
0000120000000430
0000210000000430
0000340000014000
0000340000014000
0000430000013000
0000240000014000
0000420000012000
0000230000013000
0000320000012000
0000340000024000
0000430000023000
0000140000024000
0000410000021000
0000130000023000
0000310000021000
0000240000034000
0000420000032000
0000140000034000
0000410000031000
0000120000032000
0000210000031000
0000230000043000
0000320000042000
0000130000043000
0000310000041000
0000120000042000
0000210000041000
0000340000400100
0000340000400100
0000430000300100
0000240000400100
0000420000200100
0000230000300100
0000320000200100
0000340000400200
0000430000300200
0000140000400200
0000410000100200
0000130000300200
0000310000100200
0000240000400300
0000420000200300
0000140000400300
0000410000100300
0000120000200300
0000210000100300
0000230000300400
0000320000200400
0000130000300400
0000310000100400
0000120000200400
0000210000100400
0000340000410000
0000340000410000
0000430000310000
0000240000410000
0000420000210000
0000230000310000
0000320000210000
0000340000420000
0000430000320000
0000140000420000
0000410000120000
0000130000320000
0000310000120000
0000240000430000
0000420000230000
0000140000430000
0000410000130000
0000120000230000
0000210000130000
0000230000340000
0000320000240000
0000130000340000
0000310000140000
0000120000240000
0000210000140000
0000340003000020
0000340003000020
0000430004000020
0000240002000030
0000420004000030
0000230002000040
0000320003000040
0000340003000010
0000430004000010
0000140001000030
0000410004000030
0000130001000040
0000310003000040
0000240002000010
0000420004000010
0000140001000020
0000410004000020
0000120001000040
0000210002000040
0000230002000010
0000320003000010
0000130001000020
0000310003000020
0000120001000030
0000210002000030
0000340020000003
0000340020000003
0000430020000004
0000240030000002
0000420030000004
0000230040000002
0000320040000003
0000340010000003
0000430010000004
0000140030000001
0000410030000004
0000130040000001
0000310040000003
0000240010000002
0000420010000004
0000140020000001
0000410020000004
0000120040000001
0000210040000002
0000230010000002
0000320010000003
0000130020000001
0000310020000003
0000120030000001
0000210030000002
0000340020010000
0000340020010000
0000430020010000
0000240030010000
0000420030010000
0000230040010000
0000320040010000
0000340010020000
0000430010020000
0000140030020000
0000410030020000
0000130040020000
0000310040020000
0000240010030000
0000420010030000
0000140020030000
0000410020030000
0000120040030000
0000210040030000
0000230010040000
0000320010040000
0000130020040000
0000310020040000
0000120030040000
0000210030040000
0004001000000120
0004001000000120
0003001000000120
0004001000000130
0002001000000130
0003001000000140
0002001000000140
0004002000000210
0003002000000210
0004002000000230
0001002000000230
0003002000000240
0001002000000240
0004003000000310
0002003000000310
0004003000000320
0001003000000320
0002003000000340
0001003000000340
0003004000000410
0002004000000410
0003004000000420
0001004000000420
0002004000000430
0001004000000430
0004001000004003
0004001000004003
0003001000003004
0004001000004002
0002001000002004
0003001000003002
0002001000002003
0004002000004003
0003002000003004
0004002000004001
0001002000001004
0003002000003001
0001002000001003
0004003000004002
0002003000002004
0004003000004001
0001003000001004
0002003000002001
0001003000001002
0003004000003002
0002004000002003
0003004000003001
0001004000001003
0002004000002001
0001004000001002
0004001003000020
0004001003000020
0003001004000020
0004001002000030
0002001004000030
0003001002000040
0002001003000040
0004002003000010
0003002004000010
0004002001000030
0001002004000030
0003002001000040
0001002003000040
0004003002000010
0002003004000010
0004003001000020
0001003004000020
0002003001000040
0001003002000040
0003004002000010
0002004003000010
0003004001000020
0001004003000020
0002004001000030
0001004002000030
0004001020000003
0004001020000003
0003001020000004
0004001030000002
0002001030000004
0003001040000002
0002001040000003
0004002010000003
0003002010000004
0004002030000001
0001002030000004
0003002040000001
0001002040000003
0004003010000002
0002003010000004
0004003020000001
0001003020000004
0002003040000001
0001003040000002
0003004010000002
0002004010000003
0003004020000001
0001004020000003
0002004030000001
0001004030000002
0004300000000023
0004300000000023
0003400000000024
0004200000000032
0002400000000034
0003200000000042
0002300000000043
0004300000000013
0003400000000014
0004100000000031
0001400000000034
0003100000000041
0001300000000043
0004200000000012
0002400000000014
0004100000000021
0001400000000024
0002100000000041
0001200000000042
0003200000000012
0002300000000013
0003100000000021
0001300000000023
0002100000000031
0001200000000032
0004300000000120
0004300000000120
0003400000000120
0004200000000130
0002400000000130
0003200000000140
0002300000000140
0004300000000210
0003400000000210
0004100000000230
0001400000000230
0003100000000240
0001300000000240
0004200000000310
0002400000000310
0004100000000320
0001400000000320
0002100000000340
0001200000000340
0003200000000410
0002300000000410
0003100000000420
0001300000000420
0002100000000430
0001200000000430
0004300000004100
0004300000004100
0003400000003100
0004200000004100
0002400000002100
0003200000003100
0002300000002100
0004300000004200
0003400000003200
0004100000004200
0001400000001200
0003100000003200
0001300000001200
0004200000004300
0002400000002300
0004100000004300
0001400000001300
0002100000002300
0001200000001300
0003200000003400
0002300000002400
0003100000003400
0001300000001400
0002100000002400
0001200000001400
0004300000010020
0004300000010020
0003400000010020
0004200000010030
0002400000010030
0003200000010040
0002300000010040
0004300000020010
0003400000020010
0004100000020030
0001400000020030
0003100000020040
0001300000020040
0004200000030010
0002400000030010
0004100000030020
0001400000030020
0002100000030040
0001200000030040
0003200000040010
0002300000040010
0003100000040020
0001300000040020
0002100000040030
0001200000040030
0004300000014000
0004300000014000
0003400000013000
0004200000014000
0002400000012000
0003200000013000
0002300000012000
0004300000024000
0003400000023000
0004100000024000
0001400000021000
0003100000023000
0001300000021000
0004200000034000
0002400000032000
0004100000034000
0001400000031000
0002100000032000
0001200000031000
0003200000043000
0002300000042000
0003100000043000
0001300000041000
0002100000042000
0001200000041000
0004300000400100
0004300000400100
0003400000300100
0004200000400100
0002400000200100
0003200000300100
0002300000200100
0004300000400200
0003400000300200
0004100000400200
0001400000100200
0003100000300200
0001300000100200
0004200000400300
0002400000200300
0004100000400300
0001400000100300
0002100000200300
0001200000100300
0003200000300400
0002300000200400
0003100000300400
0001300000100400
0002100000200400
0001200000100400
0004300000410000
0004300000410000
0003400000310000
0004200000410000
0002400000210000
0003200000310000
0002300000210000
0004300000420000
0003400000320000
0004100000420000
0001400000120000
0003100000320000
0001300000120000
0004200000430000
0002400000230000
0004100000430000
0001400000130000
0002100000230000
0001200000130000
0003200000340000
0002300000240000
0003100000340000
0001300000140000
0002100000240000
0001200000140000
0004300003000020
0004300003000020
0003400004000020
0004200002000030
0002400004000030
0003200002000040
0002300003000040
0004300003000010
0003400004000010
0004100001000030
0001400004000030
0003100001000040
0001300003000040
0004200002000010
0002400004000010
0004100001000020
0001400004000020
0002100001000040
0001200002000040
0003200002000010
0002300003000010
0003100001000020
0001300003000020
0002100001000030
0001200002000030
0004300020000003
0004300020000003
0003400020000004
0004200030000002
0002400030000004
0003200040000002
0002300040000003
0004300010000003
0003400010000004
0004100030000001
0001400030000004
0003100040000001
0001300040000003
0004200010000002
0002400010000004
0004100020000001
0001400020000004
0002100040000001
0001200040000002
0003200010000002
0002300010000003
0003100020000001
0001300020000003
0002100030000001
0001200030000002
0004300020000100
0004300020000100
0003400020000100
0004200030000100
0002400030000100
0003200040000100
0002300040000100
0004300010000200
0003400010000200
0004100030000200
0001400030000200
0003100040000200
0001300040000200
0004200010000300
0002400010000300
0004100020000300
0001400020000300
0002100040000300
0001200040000300
0003200010000400
0002300010000400
0003100020000400
0001300020000400
0002100030000400
0001200030000400
0004300020010000
0004300020010000
0003400020010000
0004200030010000
0002400030010000
0003200040010000
0002300040010000
0004300010020000
0003400010020000
0004100030020000
0001400030020000
0003100040020000
0001300040020000
0004200010030000
0002400010030000
0004100020030000
0001400020030000
0002100040030000
0001200040030000
0003200010040000
0002300010040000
0003100020040000
0001300020040000
0002100030040000
0001200030040000
0004300023000000
0004300023000000
0003400024000000
0004200032000000
0002400034000000
0003200042000000
0002300043000000
0004300013000000
0003400014000000
0004100031000000
0001400034000000
0003100041000000
0001300043000000
0004200012000000
0002400014000000
0004100021000000
0001400024000000
0002100041000000
0001200042000000
0003200012000000
0002300013000000
0003100021000000
0001300023000000
0002100031000000
0001200032000000
0030000200014000
0030000200014000
0040000200013000
0020000300014000
0040000300012000
0020000400013000
0030000400012000
0030000100024000
0040000100023000
0010000300024000
0040000300021000
0010000400023000
0030000400021000
0020000100034000
0040000100032000
0010000200034000
0040000200031000
0010000400032000
0020000400031000
0020000100043000
0030000100042000
0010000200043000
0030000200041000
0010000300042000
0020000300041000
0030000200400100
0030000200400100
0040000200300100
0020000300400100
0040000300200100
0020000400300100
0030000400200100
0030000100400200
0040000100300200
0010000300400200
0040000300100200
0010000400300200
0030000400100200
0020000100400300
0040000100200300
0010000200400300
0040000200100300
0010000400200300
0020000400100300
0020000100300400
0030000100200400
0010000200300400
0030000200100400
0010000300200400
0020000300100400
0030000203400000
0030000203400000
0040000204300000
0020000302400000
0040000304200000
0020000402300000
0030000403200000
0030000103400000
0040000104300000
0010000301400000
0040000304100000
0010000401300000
0030000403100000
0020000102400000
0040000104200000
0010000201400000
0040000204100000
0010000401200000
0020000402100000
0020000102300000
0030000103200000
0010000201300000
0030000203100000
0010000301200000
0020000302100000
0030000220010000
0030000220010000
0040000220010000
0020000330010000
0040000330010000
0020000440010000
0030000440010000
0030000110020000
0040000110020000
0010000330020000
0040000330020000
0010000440020000
0030000440020000
0020000110030000
0040000110030000
0010000220030000
0040000220030000
0010000440030000
0020000440030000
0020000110040000
0030000110040000
0010000220040000
0030000220040000
0010000330040000
0020000330040000
0030040000000023
0030040000000023
0040030000000024
0020040000000032
0040020000000034
0020030000000042
0030020000000043
0030040000000013
0040030000000014
0010040000000031
0040010000000034
0010030000000041
0030010000000043
0020040000000012
0040020000000014
0010040000000021
0040010000000024
0010020000000041
0020010000000042
0020030000000012
0030020000000013
0010030000000021
0030010000000023
0010020000000031
0020010000000032
0030040000000120
0030040000000120
0040030000000120
0020040000000130
0040020000000130
0020030000000140
0030020000000140
0030040000000210
0040030000000210
0010040000000230
0040010000000230
0010030000000240
0030010000000240
0020040000000310
0040020000000310
0010040000000320
0040010000000320
0010020000000340
0020010000000340
0020030000000410
0030020000000410
0010030000000420
0030010000000420
0010020000000430
0020010000000430
0030040000004100
0030040000004100
0040030000003100
0020040000004100
0040020000002100
0020030000003100
0030020000002100
0030040000004200
0040030000003200
0010040000004200
0040010000001200
0010030000003200
0030010000001200
0020040000004300
0040020000002300
0010040000004300
0040010000001300
0010020000002300
0020010000001300
0020030000003400
0030020000002400
0010030000003400
0030010000001400
0010020000002400
0020010000001400
0030040000010020
0030040000010020
0040030000010020
0020040000010030
0040020000010030
0020030000010040
0030020000010040
0030040000020010
0040030000020010
0010040000020030
0040010000020030
0010030000020040
0030010000020040
0020040000030010
0040020000030010
0010040000030020
0040010000030020
0010020000030040
0020010000030040
0020030000040010
0030020000040010
0010030000040020
0030010000040020
0010020000040030
0020010000040030
0030040000014000
0030040000014000
0040030000013000
0020040000014000
0040020000012000
0020030000013000
0030020000012000
0030040000024000
0040030000023000
0010040000024000
0040010000021000
0010030000023000
0030010000021000
0020040000034000
0040020000032000
0010040000034000
0040010000031000
0010020000032000
0020010000031000
0020030000043000
0030020000042000
0010030000043000
0030010000041000
0010020000042000
0020010000041000
0030040000400100
0030040000400100
0040030000300100
0020040000400100
0040020000200100
0020030000300100
0030020000200100
0030040000400200
0040030000300200
0010040000400200
0040010000100200
0010030000300200
0030010000100200
0020040000400300
0040020000200300
0010040000400300
0040010000100300
0010020000200300
0020010000100300
0020030000300400
0030020000200400
0010030000300400
0030010000100400
0010020000200400
0020010000100400
0030040000410000
0030040000410000
0040030000310000
0020040000410000
0040020000210000
0020030000310000
0030020000210000
0030040000420000
0040030000320000
0010040000420000
0040010000120000
0010030000320000
0030010000120000
0020040000430000
0040020000230000
0010040000430000
0040010000130000
0010020000230000
0020010000130000
0020030000340000
0030020000240000
0010030000340000
0030010000140000
0010020000240000
0020010000140000
0030040003000020
0030040003000020
0040030004000020
0020040002000030
0040020004000030
0020030002000040
0030020003000040
0030040003000010
0040030004000010
0010040001000030
0040010004000030
0010030001000040
0030010003000040
0020040002000010
0040020004000010
0010040001000020
0040010004000020
0010020001000040
0020010002000040
0020030002000010
0030020003000010
0010030001000020
0030010003000020
0010020001000030
0020010002000030
0030040020000003
0030040020000003
0040030020000004
0020040030000002
0040020030000004
0020030040000002
0030020040000003
0030040010000003
0040030010000004
0010040030000001
0040010030000004
0010030040000001
0030010040000003
0020040010000002
0040020010000004
0010040020000001
0040010020000004
0010020040000001
0020010040000002
0020030010000002
0030020010000003
0010030020000001
0030010020000003
0010020030000001
0020010030000002
0030040020000100
0030040020000100
0040030020000100
0020040030000100
0040020030000100
0020030040000100
0030020040000100
0030040010000200
0040030010000200
0010040030000200
0040010030000200
0010030040000200
0030010040000200
0020040010000300
0040020010000300
0010040020000300
0040010020000300
0010020040000300
0020010040000300
0020030010000400
0030020010000400
0010030020000400
0030010020000400
0010020030000400
0020010030000400
0030040020010000
0030040020010000
0040030020010000
0020040030010000
0040020030010000
0020030040010000
0030020040010000
0030040010020000
0040030010020000
0010040030020000
0040010030020000
0010030040020000
0030010040020000
0020040010030000
0040020010030000
0010040020030000
0040010020030000
0010020040030000
0020010040030000
0020030010040000
0030020010040000
0010030020040000
0030010020040000
0010020030040000
0020010030040000
0030040023000000
0030040023000000
0040030024000000
0020040032000000
0040020034000000
0020030042000000
0030020043000000
0030040013000000
0040030014000000
0010040031000000
0040010034000000
0010030041000000
0030010043000000
0020040012000000
0040020014000000
0010040021000000
0040010024000000
0010020041000000
0020010042000000
0020030012000000
0030020013000000
0010030021000000
0030010023000000
0010020031000000
0020010032000000
0034000000000120
0034000000000120
0043000000000120
0024000000000130
0042000000000130
0023000000000140
0032000000000140
0034000000000210
0043000000000210
0014000000000230
0041000000000230
0013000000000240
0031000000000240
0024000000000310
0042000000000310
0014000000000320
0041000000000320
0012000000000340
0021000000000340
0023000000000410
0032000000000410
0013000000000420
0031000000000420
0012000000000430
0021000000000430
0034000000004100
0034000000004100
0043000000003100
0024000000004100
0042000000002100
0023000000003100
0032000000002100
0034000000004200
0043000000003200
0014000000004200
0041000000001200
0013000000003200
0031000000001200
0024000000004300
0042000000002300
0014000000004300
0041000000001300
0012000000002300
0021000000001300
0023000000003400
0032000000002400
0013000000003400
0031000000001400
0012000000002400
0021000000001400
0034000000014000
0034000000014000
0043000000013000
0024000000014000
0042000000012000
0023000000013000
0032000000012000
0034000000024000
0043000000023000
0014000000024000
0041000000021000
0013000000023000
0031000000021000
0024000000034000
0042000000032000
0014000000034000
0041000000031000
0012000000032000
0021000000031000
0023000000043000
0032000000042000
0013000000043000
0031000000041000
0012000000042000
0021000000041000
0034000000400100
0034000000400100
0043000000300100
0024000000400100
0042000000200100
0023000000300100
0032000000200100
0034000000400200
0043000000300200
0014000000400200
0041000000100200
0013000000300200
0031000000100200
0024000000400300
0042000000200300
0014000000400300
0041000000100300
0012000000200300
0021000000100300
0023000000300400
0032000000200400
0013000000300400
0031000000100400
0012000000200400
0021000000100400
0034000003000020
0034000003000020
0043000004000020
0024000002000030
0042000004000030
0023000002000040
0032000003000040
0034000003000010
0043000004000010
0014000001000030
0041000004000030
0013000001000040
0031000003000040
0024000002000010
0042000004000010
0014000001000020
0041000004000020
0012000001000040
0021000002000040
0023000002000010
0032000003000010
0013000001000020
0031000003000020
0012000001000030
0021000002000030
0034000020000003
0034000020000003
0043000020000004
0024000030000002
0042000030000004
0023000040000002
0032000040000003
0034000010000003
0043000010000004
0014000030000001
0041000030000004
0013000040000001
0031000040000003
0024000010000002
0042000010000004
0014000020000001
0041000020000004
0012000040000001
0021000040000002
0023000010000002
0032000010000003
0013000020000001
0031000020000003
0012000030000001
0021000030000002
0034000020010000
0034000020010000
0043000020010000
0024000030010000
0042000030010000
0023000040010000
0032000040010000
0034000010020000
0043000010020000
0014000030020000
0041000030020000
0013000040020000
0031000040020000
0024000010030000
0042000010030000
0014000020030000
0041000020030000
0012000040030000
0021000040030000
0023000010040000
0032000010040000
0013000020040000
0031000020040000
0012000030040000
0021000030040000
0034000023000000
0034000023000000
0043000024000000
0024000032000000
0042000034000000
0023000042000000
0032000043000000
0034000013000000
0043000014000000
0014000031000000
0041000034000000
0013000041000000
0031000043000000
0024000012000000
0042000014000000
0014000021000000
0041000024000000
0012000041000000
0021000042000000
0023000012000000
0032000013000000
0013000021000000
0031000023000000
0012000031000000
0021000032000000
0200001000000023
0200001000000023
0200001000000024
0300001000000032
0300001000000034
0400001000000042
0400001000000043
0100002000000013
0100002000000014
0300002000000031
0300002000000034
0400002000000041
0400002000000043
0100003000000012
0100003000000014
0200003000000021
0200003000000024
0400003000000041
0400003000000042
0100004000000012
0100004000000013
0200004000000021
0200004000000023
0300004000000031
0300004000000032
0200001000004003
0200001000004003
0200001000003004
0300001000004002
0300001000002004
0400001000003002
0400001000002003
0100002000004003
0100002000003004
0300002000004001
0300002000001004
0400002000003001
0400002000001003
0100003000004002
0100003000002004
0200003000004001
0200003000001004
0400003000002001
0400003000001002
0100004000003002
0100004000002003
0200004000003001
0200004000001003
0300004000002001
0300004000001002
0200001000004100
0200001000004100
0200001000003100
0300001000004100
0300001000002100
0400001000003100
0400001000002100
0100002000004200
0100002000003200
0300002000004200
0300002000001200
0400002000003200
0400002000001200
0100003000004300
0100003000002300
0200003000004300
0200003000001300
0400003000002300
0400003000001300
0100004000003400
0100004000002400
0200004000003400
0200004000001400
0300004000002400
0300004000001400
0200001000014000
0200001000014000
0200001000013000
0300001000014000
0300001000012000
0400001000013000
0400001000012000
0100002000024000
0100002000023000
0300002000024000
0300002000021000
0400002000023000
0400002000021000
0100003000034000
0100003000032000
0200003000034000
0200003000031000
0400003000032000
0400003000031000
0100004000043000
0100004000042000
0200004000043000
0200004000041000
0300004000042000
0300004000041000
0200001000400003
0200001000400003
0200001000300004
0300001000400002
0300001000200004
0400001000300002
0400001000200003
0100002000400003
0100002000300004
0300002000400001
0300002000100004
0400002000300001
0400002000100003
0100003000400002
0100003000200004
0200003000400001
0200003000100004
0400003000200001
0400003000100002
0100004000300002
0100004000200003
0200004000300001
0200004000100003
0300004000200001
0300004000100002
0200001000400100
0200001000400100
0200001000300100
0300001000400100
0300001000200100
0400001000300100
0400001000200100
0100002000400200
0100002000300200
0300002000400200
0300002000100200
0400002000300200
0400002000100200
0100003000400300
0100003000200300
0200003000400300
0200003000100300
0400003000200300
0400003000100300
0100004000300400
0100004000200400
0200004000300400
0200004000100400
0300004000200400
0300004000100400
0200001000410000
0200001000410000
0200001000310000
0300001000410000
0300001000210000
0400001000310000
0400001000210000
0100002000420000
0100002000320000
0300002000420000
0300002000120000
0400002000320000
0400002000120000
0100003000430000
0100003000230000
0200003000430000
0200003000130000
0400003000230000
0400003000130000
0100004000340000
0100004000240000
0200004000340000
0200004000140000
0300004000240000
0300004000140000
0200001003000020
0200001003000020
0200001004000020
0300001002000030
0300001004000030
0400001002000040
0400001003000040
0100002003000010
0100002004000010
0300002001000030
0300002004000030
0400002001000040
0400002003000040
0100003002000010
0100003004000010
0200003001000020
0200003004000020
0400003001000040
0400003002000040
0100004002000010
0100004003000010
0200004001000020
0200004003000020
0300004001000030
0300004002000030
0200001003004000
0200001003004000
0200001004003000
0300001002004000
0300001004002000
0400001002003000
0400001003002000
0100002003004000
0100002004003000
0300002001004000
0300002004001000
0400002001003000
0400002003001000
0100003002004000
0100003004002000
0200003001004000
0200003004001000
0400003001002000
0400003002001000
0100004002003000
0100004003002000
0200004001003000
0200004003001000
0300004001002000
0300004002001000
0200001003400000
0200001003400000
0200001004300000
0300001002400000
0300001004200000
0400001002300000
0400001003200000
0100002003400000
0100002004300000
0300002001400000
0300002004100000
0400002001300000
0400002003100000
0100003002400000
0100003004200000
0200003001400000
0200003004100000
0400003001200000
0400003002100000
0100004002300000
0100004003200000
0200004001300000
0200004003100000
0300004001200000
0300004002100000
0200001020000003
0200001020000003
0200001020000004
0300001030000002
0300001030000004
0400001040000002
0400001040000003
0100002010000003
0100002010000004
0300002030000001
0300002030000004
0400002040000001
0400002040000003
0100003010000002
0100003010000004
0200003020000001
0200003020000004
0400003040000001
0400003040000002
0100004010000002
0100004010000003
0200004020000001
0200004020000003
0300004030000001
0300004030000002
0200001023000000
0200001023000000
0200001024000000
0300001032000000
0300001034000000
0400001042000000
0400001043000000
0100002013000000
0100002014000000
0300002031000000
0300002034000000
0400002041000000
0400002043000000
0100003012000000
0100003014000000
0200003021000000
0200003024000000
0400003041000000
0400003042000000
0100004012000000
0100004013000000
0200004021000000
0200004023000000
0300004031000000
0300004032000000
0200300000000120
0200300000000120
0200400000000120
0300200000000130
0300400000000130
0400200000000140
0400300000000140
0100300000000210
0100400000000210
0300100000000230
0300400000000230
0400100000000240
0400300000000240
0100200000000310
0100400000000310
0200100000000320
0200400000000320
0400100000000340
0400200000000340
0100200000000410
0100300000000410
0200100000000420
0200300000000420
0300100000000430
0300200000000430
0200300000004003
0200300000004003
0200400000003004
0300200000004002
0300400000002004
0400200000003002
0400300000002003
0100300000004003
0100400000003004
0300100000004001
0300400000001004
0400100000003001
0400300000001003
0100200000004002
0100400000002004
0200100000004001
0200400000001004
0400100000002001
0400200000001002
0100200000003002
0100300000002003
0200100000003001
0200300000001003
0300100000002001
0300200000001002
0200300000014000
0200300000014000
0200400000013000
0300200000014000
0300400000012000
0400200000013000
0400300000012000
0100300000024000
0100400000023000
0300100000024000
0300400000021000
0400100000023000
0400300000021000
0100200000034000
0100400000032000
0200100000034000
0200400000031000
0400100000032000
0400200000031000
0100200000043000
0100300000042000
0200100000043000
0200300000041000
0300100000042000
0300200000041000
0200300000400100
0200300000400100
0200400000300100
0300200000400100
0300400000200100
0400200000300100
0400300000200100
0100300000400200
0100400000300200
0300100000400200
0300400000100200
0400100000300200
0400300000100200
0100200000400300
0100400000200300
0200100000400300
0200400000100300
0400100000200300
0400200000100300
0100200000300400
0100300000200400
0200100000300400
0200300000100400
0300100000200400
0300200000100400
0230000000004003
0230000000004003
0240000000003004
0320000000004002
0340000000002004
0420000000003002
0430000000002003
0130000000004003
0140000000003004
0310000000004001
0340000000001004
0410000000003001
0430000000001003
0120000000004002
0140000000002004
0210000000004001
0240000000001004
0410000000002001
0420000000001002
0120000000003002
0130000000002003
0210000000003001
0230000000001003
0310000000002001
0320000000001002
0230000000004100
0230000000004100
0240000000003100
0320000000004100
0340000000002100
0420000000003100
0430000000002100
0130000000004200
0140000000003200
0310000000004200
0340000000001200
0410000000003200
0430000000001200
0120000000004300
0140000000002300
0210000000004300
0240000000001300
0410000000002300
0420000000001300
0120000000003400
0130000000002400
0210000000003400
0230000000001400
0310000000002400
0320000000001400
0230000000010020
0230000000010020
0240000000010020
0320000000010030
0340000000010030
0420000000010040
0430000000010040
0130000000020010
0140000000020010
0310000000020030
0340000000020030
0410000000020040
0430000000020040
0120000000030010
0140000000030010
0210000000030020
0240000000030020
0410000000030040
0420000000030040
0120000000040010
0130000000040010
0210000000040020
0230000000040020
0310000000040030
0320000000040030
0230000000014000
0230000000014000
0240000000013000
0320000000014000
0340000000012000
0420000000013000
0430000000012000
0130000000024000
0140000000023000
0310000000024000
0340000000021000
0410000000023000
0430000000021000
0120000000034000
0140000000032000
0210000000034000
0240000000031000
0410000000032000
0420000000031000
0120000000043000
0130000000042000
0210000000043000
0230000000041000
0310000000042000
0320000000041000
0230000000400100
0230000000400100
0240000000300100
0320000000400100
0340000000200100
0420000000300100
0430000000200100
0130000000400200
0140000000300200
0310000000400200
0340000000100200
0410000000300200
0430000000100200
0120000000400300
0140000000200300
0210000000400300
0240000000100300
0410000000200300
0420000000100300
0120000000300400
0130000000200400
0210000000300400
0230000000100400
0310000000200400
0320000000100400
0230000000410000
0230000000410000
0240000000310000
0320000000410000
0340000000210000
0420000000310000
0430000000210000
0130000000420000
0140000000320000
0310000000420000
0340000000120000
0410000000320000
0430000000120000
0120000000430000
0140000000230000
0210000000430000
0240000000130000
0410000000230000
0420000000130000
0120000000340000
0130000000240000
0210000000340000
0230000000140000
0310000000240000
0320000000140000
0230000003004000
0230000003004000
0240000004003000
0320000002004000
0340000004002000
0420000002003000
0430000003002000
0130000003004000
0140000004003000
0310000001004000
0340000004001000
0410000001003000
0430000003001000
0120000002004000
0140000004002000
0210000001004000
0240000004001000
0410000001002000
0420000002001000
0120000002003000
0130000003002000
0210000001003000
0230000003001000
0310000001002000
0320000002001000
0230000020010000
0230000020010000
0240000020010000
0320000030010000
0340000030010000
0420000040010000
0430000040010000
0130000010020000
0140000010020000
0310000030020000
0340000030020000
0410000040020000
0430000040020000
0120000010030000
0140000010030000
0210000020030000
0240000020030000
0410000040030000
0420000040030000
0120000010040000
0130000010040000
0210000020040000
0230000020040000
0310000030040000
0320000030040000
1000000200000023
1000000200000023
1000000200000024
1000000300000032
1000000300000034
1000000400000042
1000000400000043
2000000100000013
2000000100000014
2000000300000031
2000000300000034
2000000400000041
2000000400000043
3000000100000012
3000000100000014
3000000200000021
3000000200000024
3000000400000041
3000000400000042
4000000100000012
4000000100000013
4000000200000021
4000000200000023
4000000300000031
4000000300000032
1000000200004003
1000000200004003
1000000200003004
1000000300004002
1000000300002004
1000000400003002
1000000400002003
2000000100004003
2000000100003004
2000000300004001
2000000300001004
2000000400003001
2000000400001003
3000000100004002
3000000100002004
3000000200004001
3000000200001004
3000000400002001
3000000400001002
4000000100003002
4000000100002003
4000000200003001
4000000200001003
4000000300002001
4000000300001002
1000000200004100
1000000200004100
1000000200003100
1000000300004100
1000000300002100
1000000400003100
1000000400002100
2000000100004200
2000000100003200
2000000300004200
2000000300001200
2000000400003200
2000000400001200
3000000100004300
3000000100002300
3000000200004300
3000000200001300
3000000400002300
3000000400001300
4000000100003400
4000000100002400
4000000200003400
4000000200001400
4000000300002400
4000000300001400
1000000200014000
1000000200014000
1000000200013000
1000000300014000
1000000300012000
1000000400013000
1000000400012000
2000000100024000
2000000100023000
2000000300024000
2000000300021000
2000000400023000
2000000400021000
3000000100034000
3000000100032000
3000000200034000
3000000200031000
3000000400032000
3000000400031000
4000000100043000
4000000100042000
4000000200043000
4000000200041000
4000000300042000
4000000300041000
1000000200400003
1000000200400003
1000000200300004
1000000300400002
1000000300200004
1000000400300002
1000000400200003
2000000100400003
2000000100300004
2000000300400001
2000000300100004
2000000400300001
2000000400100003
3000000100400002
3000000100200004
3000000200400001
3000000200100004
3000000400200001
3000000400100002
4000000100300002
4000000100200003
4000000200300001
4000000200100003
4000000300200001
4000000300100002
1000000200400100
1000000200400100
1000000200300100
1000000300400100
1000000300200100
1000000400300100
1000000400200100
2000000100400200
2000000100300200
2000000300400200
2000000300100200
2000000400300200
2000000400100200
3000000100400300
3000000100200300
3000000200400300
3000000200100300
3000000400200300
3000000400100300
4000000100300400
4000000100200400
4000000200300400
4000000200100400
4000000300200400
4000000300100400
1000000200410000
1000000200410000
1000000200310000
1000000300410000
1000000300210000
1000000400310000
1000000400210000
2000000100420000
2000000100320000
2000000300420000
2000000300120000
2000000400320000
2000000400120000
3000000100430000
3000000100230000
3000000200430000
3000000200130000
3000000400230000
3000000400130000
4000000100340000
4000000100240000
4000000200340000
4000000200140000
4000000300240000
4000000300140000
1000000203000020
1000000203000020
1000000204000020
1000000302000030
1000000304000030
1000000402000040
1000000403000040
2000000103000010
2000000104000010
2000000301000030
2000000304000030
2000000401000040
2000000403000040
3000000102000010
3000000104000010
3000000201000020
3000000204000020
3000000401000040
3000000402000040
4000000102000010
4000000103000010
4000000201000020
4000000203000020
4000000301000030
4000000302000030
1000000203004000
1000000203004000
1000000204003000
1000000302004000
1000000304002000
1000000402003000
1000000403002000
2000000103004000
2000000104003000
2000000301004000
2000000304001000
2000000401003000
2000000403001000
3000000102004000
3000000104002000
3000000201004000
3000000204001000
3000000401002000
3000000402001000
4000000102003000
4000000103002000
4000000201003000
4000000203001000
4000000301002000
4000000302001000
1000000203400000
1000000203400000
1000000204300000
1000000302400000
1000000304200000
1000000402300000
1000000403200000
2000000103400000
2000000104300000
2000000301400000
2000000304100000
2000000401300000
2000000403100000
3000000102400000
3000000104200000
3000000201400000
3000000204100000
3000000401200000
3000000402100000
4000000102300000
4000000103200000
4000000201300000
4000000203100000
4000000301200000
4000000302100000
1000000220000003
1000000220000003
1000000220000004
1000000330000002
1000000330000004
1000000440000002
1000000440000003
2000000110000003
2000000110000004
2000000330000001
2000000330000004
2000000440000001
2000000440000003
3000000110000002
3000000110000004
3000000220000001
3000000220000004
3000000440000001
3000000440000002
4000000110000002
4000000110000003
4000000220000001
4000000220000003
4000000330000001
4000000330000002
1000000223000000
1000000223000000
1000000224000000
1000000332000000
1000000334000000
1000000442000000
1000000443000000
2000000113000000
2000000114000000
2000000331000000
2000000334000000
2000000441000000
2000000443000000
3000000112000000
3000000114000000
3000000221000000
3000000224000000
3000000441000000
3000000442000000
4000000112000000
4000000113000000
4000000221000000
4000000223000000
4000000331000000
4000000332000000
1000040003000020
1000040003000020
1000030004000020
1000040002000030
1000020004000030
1000030002000040
1000020003000040
2000040003000010
2000030004000010
2000040001000030
2000010004000030
2000030001000040
2000010003000040
3000040002000010
3000020004000010
3000040001000020
3000010004000020
3000020001000040
3000010002000040
4000030002000010
4000020003000010
4000030001000020
4000010003000020
4000020001000030
4000010002000030
1000040003400000
1000040003400000
1000030004300000
1000040002400000
1000020004200000
1000030002300000
1000020003200000
2000040003400000
2000030004300000
2000040001400000
2000010004100000
2000030001300000
2000010003100000
3000040002400000
3000020004200000
3000040001400000
3000010004100000
3000020001200000
3000010002100000
4000030002300000
4000020003200000
4000030001300000
4000010003100000
4000020001200000
4000010002100000
1000040020000003
1000040020000003
1000030020000004
1000040030000002
1000020030000004
1000030040000002
1000020040000003
2000040010000003
2000030010000004
2000040030000001
2000010030000004
2000030040000001
2000010040000003
3000040010000002
3000020010000004
3000040020000001
3000010020000004
3000020040000001
3000010040000002
4000030010000002
4000020010000003
4000030020000001
4000010020000003
4000020030000001
4000010030000002
1000040020010000
1000040020010000
1000030020010000
1000040030010000
1000020030010000
1000030040010000
1000020040010000
2000040010020000
2000030010020000
2000040030020000
2000010030020000
2000030040020000
2000010040020000
3000040010030000
3000020010030000
3000040020030000
3000010020030000
3000020040030000
3000010040030000
4000030010040000
4000020010040000
4000030020040000
4000010020040000
4000020030040000
4000010030040000
1004000000000023
1004000000000023
1003000000000024
1004000000000032
1002000000000034
1003000000000042
1002000000000043
2004000000000013
2003000000000014
2004000000000031
2001000000000034
2003000000000041
2001000000000043
3004000000000012
3002000000000014
3004000000000021
3001000000000024
3002000000000041
3001000000000042
4003000000000012
4002000000000013
4003000000000021
4001000000000023
4002000000000031
4001000000000032
1004000000000120
1004000000000120
1003000000000120
1004000000000130
1002000000000130
1003000000000140
1002000000000140
2004000000000210
2003000000000210
2004000000000230
2001000000000230
2003000000000240
2001000000000240
3004000000000310
3002000000000310
3004000000000320
3001000000000320
3002000000000340
3001000000000340
4003000000000410
4002000000000410
4003000000000420
4001000000000420
4002000000000430
4001000000000430
1004000000010020
1004000000010020
1003000000010020
1004000000010030
1002000000010030
1003000000010040
1002000000010040
2004000000020010
2003000000020010
2004000000020030
2001000000020030
2003000000020040
2001000000020040
3004000000030010
3002000000030010
3004000000030020
3001000000030020
3002000000030040
3001000000030040
4003000000040010
4002000000040010
4003000000040020
4001000000040020
4002000000040030
4001000000040030
1004000003000020
1004000003000020
1003000004000020
1004000002000030
1002000004000030
1003000002000040
1002000003000040
2004000003000010
2003000004000010
2004000001000030
2001000004000030
2003000001000040
2001000003000040
3004000002000010
3002000004000010
3004000001000020
3001000004000020
3002000001000040
3001000002000040
4003000002000010
4002000003000010
4003000001000020
4001000003000020
4002000001000030
4001000002000030
1004000003004000
1004000003004000
1003000004003000
1004000002004000
1002000004002000
1003000002003000
1002000003002000
2004000003004000
2003000004003000
2004000001004000
2001000004001000
2003000001003000
2001000003001000
3004000002004000
3002000004002000
3004000001004000
3001000004001000
3002000001002000
3001000002001000
4003000002003000
4002000003002000
4003000001003000
4001000003001000
4002000001002000
4001000002001000
1004000003400000
1004000003400000
1003000004300000
1004000002400000
1002000004200000
1003000002300000
1002000003200000
2004000003400000
2003000004300000
2004000001400000
2001000004100000
2003000001300000
2001000003100000
3004000002400000
3002000004200000
3004000001400000
3001000004100000
3002000001200000
3001000002100000
4003000002300000
4002000003200000
4003000001300000
4001000003100000
4002000001200000
4001000002100000
1004000020000003
1004000020000003
1003000020000004
1004000030000002
1002000030000004
1003000040000002
1002000040000003
2004000010000003
2003000010000004
2004000030000001
2001000030000004
2003000040000001
2001000040000003
3004000010000002
3002000010000004
3004000020000001
3001000020000004
3002000040000001
3001000040000002
4003000010000002
4002000010000003
4003000020000001
4001000020000003
4002000030000001
4001000030000002
1004000023000000
1004000023000000
1003000024000000
1004000032000000
1002000034000000
1003000042000000
1002000043000000
2004000013000000
2003000014000000
2004000031000000
2001000034000000
2003000041000000
2001000043000000
3004000012000000
3002000014000000
3004000021000000
3001000024000000
3002000041000000
3001000042000000
4003000012000000
4002000013000000
4003000021000000
4001000023000000
4002000031000000
4001000032000000
1200000000000023
1200000000000023
1200000000000024
1300000000000032
1300000000000034
1400000000000042
1400000000000043
2100000000000013
2100000000000014
2300000000000031
2300000000000034
2400000000000041
2400000000000043
3100000000000012
3100000000000014
3200000000000021
3200000000000024
3400000000000041
3400000000000042
4100000000000012
4100000000000013
4200000000000021
4200000000000023
4300000000000031
4300000000000032
1200000000004003
1200000000004003
1200000000003004
1300000000004002
1300000000002004
1400000000003002
1400000000002003
2100000000004003
2100000000003004
2300000000004001
2300000000001004
2400000000003001
2400000000001003
3100000000004002
3100000000002004
3200000000004001
3200000000001004
3400000000002001
3400000000001002
4100000000003002
4100000000002003
4200000000003001
4200000000001003
4300000000002001
4300000000001002
1200000000014000
1200000000014000
1200000000013000
1300000000014000
1300000000012000
1400000000013000
1400000000012000
2100000000024000
2100000000023000
2300000000024000
2300000000021000
2400000000023000
2400000000021000
3100000000034000
3100000000032000
3200000000034000
3200000000031000
3400000000032000
3400000000031000
4100000000043000
4100000000042000
4200000000043000
4200000000041000
4300000000042000
4300000000041000
1200000000400100
1200000000400100
1200000000300100
1300000000400100
1300000000200100
1400000000300100
1400000000200100
2100000000400200
2100000000300200
2300000000400200
2300000000100200
2400000000300200
2400000000100200
3100000000400300
3100000000200300
3200000000400300
3200000000100300
3400000000200300
3400000000100300
4100000000300400
4100000000200400
4200000000300400
4200000000100400
4300000000200400
4300000000100400
1200000000410000
1200000000410000
1200000000310000
1300000000410000
1300000000210000
1400000000310000
1400000000210000
2100000000420000
2100000000320000
2300000000420000
2300000000120000
2400000000320000
2400000000120000
3100000000430000
3100000000230000
3200000000430000
3200000000130000
3400000000230000
3400000000130000
4100000000340000
4100000000240000
4200000000340000
4200000000140000
4300000000240000
4300000000140000
1200000003000020
1200000003000020
1200000004000020
1300000002000030
1300000004000030
1400000002000040
1400000003000040
2100000003000010
2100000004000010
2300000001000030
2300000004000030
2400000001000040
2400000003000040
3100000002000010
3100000004000010
3200000001000020
3200000004000020
3400000001000040
3400000002000040
4100000002000010
4100000003000010
4200000001000020
4200000003000020
4300000001000030
4300000002000030
1200000003400000
1200000003400000
1200000004300000
1300000002400000
1300000004200000
1400000002300000
1400000003200000
2100000003400000
2100000004300000
2300000001400000
2300000004100000
2400000001300000
2400000003100000
3100000002400000
3100000004200000
3200000001400000
3200000004100000
3400000001200000
3400000002100000
4100000002300000
4100000003200000
4200000001300000
4200000003100000
4300000001200000
4300000002100000
1200000020000003
1200000020000003
1200000020000004
1300000030000002
1300000030000004
1400000040000002
1400000040000003
2100000010000003
2100000010000004
2300000030000001
2300000030000004
2400000040000001
2400000040000003
3100000010000002
3100000010000004
3200000020000001
3200000020000004
3400000040000001
3400000040000002
4100000010000002
4100000010000003
4200000020000001
4200000020000003
4300000030000001
4300000030000002
